CYCLE COUNTER:

   # NAME                                                                 ITEMS     CYCLES RATE  SYNC  PART  EXPD  COPY  PIPE  EXEC     %
   1 memory_source@8                                                  644249600    1055883  0.0   1.1   0.0   0.0   0.0  21.0  77.9   0.0 +-  0.0
   2 s2p8                                                             644249600   30084030  0.0   0.5   0.0   0.3   0.0   1.3  97.8   0.7 +-  0.0
   3 NFC_CandidateClass8x1+CMCompressed                               644249600   85664687  0.1   0.1   0.0   0.0   0.0   0.4  99.5   1.9 +-  0.0
   4 NFC_Focus+CMCompressed                                           644249600    9991019  0.0   0.4   0.0   0.0   0.0   3.5  96.1   0.2 +-  0.0
   5 UTF8_index_8x1+CMCompressed                                      644249600   37608188  0.1   0.2   0.0   0.0   0.0   0.2  99.7   0.9 +-  0.0
   6 U8Spans_1x1Advance+CMCompressed                                  644249600   43310648  0.1   0.1   0.0   0.0   0.0   1.3  98.6   1.0 +-  0.0
   7 fieldCompress64__select_<i1>[1]@0:0_:_select_<i1>[8]@0:01234567_ 644249600   97329198  0.2   0.1   0.0   0.0   0.0   0.4  99.5   2.2 +-  0.0
   8 Invert+CMCompressed                                              644249600    2685208  0.0   1.0   0.0   0.0   0.0   3.2  95.9   0.1 +-  0.0
   9 PopCountP512                                                     644249600    3470853  0.0   0.5   0.0   0.0   0.0   1.6  97.9   0.1 +-  0.0
  10 streamCompress64_8                                               644249600   76069634  0.1   0.2   0.0   0.1   0.0   0.2  99.4   1.7 +-  0.0
  11 PopCountP128                                                     644249600    4203730  0.0   0.6   0.0   0.0   0.0   1.7  97.7   0.1 +-  0.0
  12 elemFilter_8                                                     644249600   77234994  0.1  10.1   0.0   8.3   0.0   1.6  80.0   1.8 +-  0.0
  13 NFC_Initial_Insertion8x1+wkmsk+CMCompressed                      644249600   83833574  0.1   0.1   0.0   0.0   0.0   0.5  99.3   1.9 +-  0.0
  14 InsertionSpreadMaskKernel4x1_After_6432                          644249600   44787590  0.1   0.0   0.0   0.2   0.0   0.4  99.4   1.0 +-  0.0
  15 NFC_Initial_Insertion8x1+CMCompressed                            191552000   36111780  0.2   0.1   0.0   0.0   0.0   0.8  99.2   0.8 +-  0.0
  16 InsertionSpreadMaskKernel4x1_After_6432                          191552000   36138611  0.2   0.0   0.0   0.2   0.0   0.4  99.4   0.8 +-  0.0
  17 PopCountP512                                                     674617600    4074700  0.0   0.3   0.2   0.0   0.0   5.8  93.7   0.1 +-  0.0
  18 PopCountP512                                                     221920000    1501093  0.0   0.8   0.0   0.0   0.0  12.1  87.1   0.0 +-  0.0
  19 streamExpand4:64_1:1                                             674617600   40241059  0.1   0.1   0.0   0.0   0.0   0.6  99.3   0.9 +-  0.0
  20 Invert+CMCompressed                                              674617600    2593729  0.0   1.1   0.0   0.0   0.0   3.3  95.6   0.1 +-  0.0
  21 FieldDeposit64_1                                                 674617600   28725820  0.0   0.1   0.0   0.0   0.0   0.5  99.5   0.7 +-  0.0
  22 OrCombine_1x1_1x1+CMCompressed                                   674617600    3057669  0.0   0.6   0.0   0.0   0.0   3.4  96.0   0.1 +-  0.0
  23 PopCountP512                                                     674617600    4210786  0.0   0.3   0.0   0.0   0.0   3.9  95.8   0.1 +-  0.0
  24 streamExpand4:64_8:8                                             221920000   26809271  0.1   0.1   0.1   0.0   0.0   2.1  97.7   0.6 +-  0.0
  25 FieldDeposit64_8                                                 221920000   40828016  0.2   0.1   0.0   0.0   0.0   0.5  99.4   0.9 +-  0.0
  26 ExcludedCompositeStage8x1+CMCompressed                           221920000   45964927  0.2   0.1   0.0   0.0   0.0   1.0  98.9   1.0 +-  0.0
  27 UCD:66f9987520b5364f92d7ca0136cb94e2b2c70637+CMCompressed        221920000   56552236  0.3   0.2   0.0   0.0   0.0   0.6  99.3   1.3 +-  0.0
  28 AndCombine_1x1_1x1+CMCompressed                                  221920000    1410614  0.0   2.3   0.0   0.0   0.0  22.5  75.2   0.0 +-  0.0
  29 SingletonCanonicalization8x1+CMCompressed                        221920000   79052812  0.4   0.1   0.0   0.0   0.0   1.3  98.5   1.8 +-  0.0
  30 ShortComposableTranslation0_8x1+CMCompressed                     221920000   88061387  0.4   0.2   0.0   0.0   0.0   0.4  99.4   2.0 +-  0.0
  31 ShortComposableTranslation1_8x1+CMCompressed                     221920000   25617978  0.1   0.8   0.0   0.0   0.0   1.5  97.7   0.6 +-  0.0
  32 SelfComposableTranslation8x1+CMCompressed                        221920000   18336910  0.1   0.2   0.0   0.0   0.0   2.2  97.6   0.4 +-  0.0
  33 ShortComposableTranslation3_8x1+CMCompressed                     221920000   34299391  0.2   0.3   0.0   0.0   0.0   1.3  98.5   0.8 +-  0.0
  34 ShortComposableTranslation4_8x1+CMCompressed                     221920000   18749024  0.1   0.3   0.0   0.0   0.0   1.4  98.2   0.4 +-  0.0
  35 FindComposables0_8x1+CMCompressed                                221920000   91071305  0.4   0.4   0.0   0.0   0.0   1.1  98.5   2.1 +-  0.0
  36 IndexedShiftBack2x1                                              221920000   61952177  0.3   0.2   0.0   0.0   0.0   0.4  99.5   1.4 +-  0.0
  37 ApplyLongComposition0_8x1+CMCompressed                           221920000   23547177  0.1   0.2   0.0   0.0   0.0   3.0  96.8   0.5 +-  0.0
  38 FindComposables1_8x1+CMCompressed                                221920000   37645857  0.2   0.2   0.0   0.0   0.0   1.5  98.3   0.9 +-  0.0
  39 IndexedShiftBack1x1                                              221920000   43045058  0.2   0.3   0.0   0.0   0.0   0.5  99.3   1.0 +-  0.0
  40 ApplyLongComposition1_8x1+CMCompressed                           221920000   16828961  0.1   0.2   0.0   0.0   0.0   4.1  95.7   0.4 +-  0.0
  41 FindComposables2_8x1+CMCompressed                                221920000  118753660  0.5   0.5   0.0   0.0   0.0   0.5  99.0   2.7 +-  0.0
  42 IndexedShiftBack4x1                                              221920000   96437129  0.4   0.3   0.0   0.0   0.0   0.2  99.5   2.2 +-  0.0
  43 ApplyLongComposition2_8x1+CMCompressed                           221920000   33300155  0.2   0.2   0.0   0.0   0.0   1.7  98.1   0.8 +-  0.0
  44 FindComposables3_8x1+CMCompressed                                221920000  236508351  1.1   1.0   0.0   0.0   0.0   0.4  98.6   5.4 +-  0.0
  45 IndexedShiftBack4x1                                              221920000   95347757  0.4   0.3   0.0   0.0   0.0   0.2  99.5   2.2 +-  0.0
  46 ApplyLongComposition3_8x1+CMCompressed                           221920000  302158804  1.4   4.5   0.0   0.0   0.0   0.3  95.2   6.9 +-  0.0
  47 FindComposables3_8x1+CMCompressed                                221920000  283842406  1.3   8.2   0.0   0.0   0.0   0.2  91.6   6.4 +-  0.0
  48 IndexedShiftBack4x1                                              221920000   98879310  0.4   3.8   0.0   0.0   0.0   0.2  96.0   2.2 +-  0.0
  49 ApplyLongComposition3_8x1+CMCompressed                           221920000   35804522  0.2   1.8   0.0   0.0   0.0   1.5  96.7   0.8 +-  0.0
  50 FindComposables4_8x1+CMCompressed                                221920000   27218858  0.1   1.6   0.0   0.0   0.0   1.5  96.9   0.6 +-  0.0
  51 IndexedShiftBack1x1                                              221920000   44811371  0.2   4.3   0.0   0.0   0.0   0.4  95.3   1.0 +-  0.0
  52 ApplyLongComposition4_8x1+CMCompressed                           221920000   13810556  0.1   1.7   0.1   0.0   0.0   3.6  94.6   0.3 +-  0.0
  53 Hangul_Composables8x1+CMCompressed                               221920000   15405811  0.1   3.4   0.0   0.0   0.0   1.9  94.7   0.3 +-  0.0
  54 Hangul_Composition8x1+CMCompressed                               221920000   11723955  0.1   6.0   0.0   0.0   0.0   2.1  91.9   0.3 +-  0.0
  55 EQi_8x1_imm<0>:1x1+CMCompressed                                  221920000    3228169  0.0   2.6   0.0   0.0   0.0   7.6  89.8   0.1 +-  0.0
  56 AndCombine_1x1_1x1+CMCompressed                                  221920000    2118171  0.0   1.9   0.0   0.0   0.0  16.0  82.1   0.0 +-  0.0
  57 NEQi_8x1_imm<0>:1x1+CMCompressed                                 221920000    2463506  0.0   4.6   0.0   0.0   0.0   5.0  90.4   0.1 +-  0.0
  58 OrCombine_1x1_1x1+CMCompressed                                   221920000    1865796  0.0   4.4   0.0   0.0   0.0  20.1  75.5   0.0 +-  0.0
  59 fieldCompress64__select_<i1>[1]@0:0_:_select_<i1>[8]@0:01234567_ 221920000   33869521  0.2   3.8   0.0   0.0   0.0   0.5  95.7   0.8 +-  0.0
  60 PopCountP512                                                     221920000    1472751  0.0   3.6   0.0   0.0   0.0   3.3  93.0   0.0 +-  0.0
  61 streamCompress64_8                                               221920000   30749784  0.1  10.5   0.0   0.4   0.0   0.5  88.6   0.7 +-  0.0
  62 streamExpand4:64_1:1                                             674617600  123207418  0.2   0.9  14.5   0.0   0.0  52.3  32.2   2.8 +-  0.0
  63 Invert+CMCompressed                                              674617600    2636779  0.0   1.1   0.0   0.0   0.0   3.4  95.5   0.1 +-  0.0
  64 FieldDeposit64_1                                                 674617600   29317220  0.0   1.0   0.0   0.0   0.0   1.2  97.7   0.7 +-  0.0
  65 OrCombine_1x1_1x1+CMCompressed                                   674617600    3217572  0.0   1.2   0.0   0.0   0.0   4.2  94.6   0.1 +-  0.0
  66 fieldCompress64__select_<i1>[1]@0:0_:_select_<i1>[1]@0:0_        674617600   26125977  0.0   3.4   0.0   0.0   0.0   1.3  95.3   0.6 +-  0.0
  67 PopCountP512                                                     674617600    4106892  0.0   2.3   0.0   0.0   0.0   1.0  96.7   0.1 +-  0.0
  68 streamCompress64_1                                               674617600   36550095  0.1   8.6   0.0   4.4   0.0   0.9  86.1   0.8 +-  0.0
  69 8x1UCD:Canonical_Combining_Class_basis+CMCompressed              174976056   89756930  0.5  16.8   0.1   0.0   0.0   0.4  82.7   2.0 +-  0.0
  70 UTF8_index_8x1+CMCompressed                                      174976056   14803582  0.1   3.0   0.1   0.0   0.0   2.2  94.8   0.3 +-  0.0
  71 .PopCountB128                                                    627673600   12860870  0.0  21.1   0.0  16.2   0.0   4.6  58.0   0.3 +-  0.0
  72 U8Spans_6x1LookAhead+CMCompressed                                174976056    9726320  0.1   2.2   0.0   0.0   0.0   5.2  92.7   0.2 +-  0.0
  73 NEQi_6x1_imm<0>:1x1+CMCompressed                                 174976056    1935232  0.0   3.0   0.0   0.0   0.0  20.8  76.2   0.0 +-  0.0
  74 RunIndex-5I+CMCompressed                                         174976056   30880572  0.2  12.8   0.0   0.0   0.0   0.4  86.7   0.7 +-  0.0
  75 Misorder_Check_6x1+CMCompressed                                  174976056   13611736  0.1   7.7   0.0   0.0   0.0   1.6  90.7   0.3 +-  0.0
  76 AdjustRunsAndIndexes_5x1+CMCompressed                            174976056  203133667  1.2  16.2   0.0   0.0   0.0   0.3  83.6   4.6 +-  0.0
  77 AppendStreamSets_6x1_5x1+CMCompressed                            174976056    5062018  0.0   0.5   0.0   0.0   0.0   6.3  93.2   0.1 +-  0.0
  78 BitonicCompareStep<2,1>5x1_11x1+CMCompressed                     174976056   14499316  0.1   0.6   0.0   0.0   0.0   1.1  98.2   0.3 +-  0.0
  79 SwapBack1_11x1+CMCompressed                                      174976056   14164556  0.1   2.8   0.0   0.0   0.0   1.9  95.3   0.3 +-  0.0
  80 BitonicCompareStep<4,2>5x1_11x1+CMCompressed                     174976056   15661630  0.1   4.1   0.0   0.0   0.0   1.1  94.8   0.4 +-  0.0
  81 SwapBack1_8x1+CMCompressed                                       174976056   11456291  0.1   5.5   0.0   0.0   0.0   3.0  91.5   0.3 +-  0.0
  82 SwapBack2_11x1+CMCompressed                                      174976056   15119432  0.1   7.5   0.0   0.0   0.0   1.6  90.9   0.3 +-  0.0
  83 BitonicCompareStep<4,1>5x1_11x1+CMCompressed                     174976056   16145381  0.1  10.5   0.0   0.0   0.0   1.0  88.5   0.4 +-  0.0
  84 SwapBack2_8x1+CMCompressed                                       174976056   12842622  0.1  14.5   0.1   0.0   0.0   1.9  83.5   0.3 +-  0.0
  85 SwapBack1_11x1+CMCompressed                                      174976056   16774326  0.1  17.3   0.0   0.0   0.0   1.4  81.2   0.4 +-  0.0
  86 BitonicCompareStep<4,2>5x1_11x1+CMCompressed                     174976056   17318323  0.1  13.3   0.0   0.0   0.0   0.7  85.9   0.4 +-  0.0
  87 SwapBack1_8x1+CMCompressed                                       174976056   12866380  0.1  15.4   0.1   0.0   0.0   2.5  82.0   0.3 +-  0.0
  88 SwapBack2_11x1+CMCompressed                                      174976056    5382338  0.0   9.5   0.0   0.0   0.0   4.3  86.2   0.1 +-  0.0
  89 BitonicCompareStep<8,4>5x1_11x1+CMCompressed                     174976056   18699086  0.1  14.8   0.0   0.0   0.0   0.8  84.4   0.4 +-  0.0
  90 SwapBack2_8x1+CMCompressed                                       174976056    3495756  0.0   3.6   0.1   0.0   0.0  15.2  81.1   0.1 +-  0.0
  91 SwapBack4_11x1+CMCompressed                                      174976056   16748413  0.1  17.1   0.0   0.0   0.0   1.4  81.5   0.4 +-  0.0
  92 BitonicCompareStep<8,2>5x1_11x1+CMCompressed                     174976056   18449317  0.1  13.5   0.0   0.0   0.0   0.9  85.7   0.4 +-  0.0
  93 SwapBack4_8x1+CMCompressed                                       174976056   12421567  0.1  14.7   0.3   0.0   0.0   2.7  82.4   0.3 +-  0.0
  94 SwapBack2_11x1+CMCompressed                                      174976056   16636697  0.1  17.7   0.0   0.0   0.0   1.2  81.1   0.4 +-  0.0
  95 BitonicCompareStep<8,1>5x1_11x1+CMCompressed                     174976056   16482485  0.1  12.9   0.0   0.0   0.0   1.0  86.1   0.4 +-  0.0
  96 SwapBack2_8x1+CMCompressed                                       174976056   12923786  0.1  16.0   0.3   0.0   0.0   2.4  81.3   0.3 +-  0.0
  97 SwapBack1_11x1+CMCompressed                                      174976056   16860180  0.1  17.8   0.0   0.0   0.0   1.2  81.0   0.4 +-  0.0
  98 BitonicCompareStep<8,4>5x1_11x1+CMCompressed                     174976056   17974339  0.1  13.2   0.0   0.0   0.0   0.7  86.1   0.4 +-  0.0
  99 SwapBack1_8x1+CMCompressed                                       174976056   12962771  0.1  15.6   0.2   0.0   0.0   3.1  81.0   0.3 +-  0.0
 100 SwapBack4_11x1+CMCompressed                                      174976056    5155275  0.0   7.2   0.0   0.0   0.0   4.3  88.4   0.1 +-  0.0
 101 BitonicCompareStep<16,8>5x1_11x1+CMCompressed                    174976056   17664245  0.1  14.8   0.0   0.0   0.0   0.8  84.4   0.4 +-  0.0
 102 SwapBack4_8x1+CMCompressed                                       174976056    3366848  0.0   3.8   1.0   0.0   0.0  10.4  84.9   0.1 +-  0.0
 103 SwapBack8_11x1+CMCompressed                                      174976056   15354135  0.1  17.5   0.0   0.0   0.0   1.3  81.2   0.3 +-  0.0
 104 BitonicCompareStep<16,4>5x1_11x1+CMCompressed                    174976056   17994105  0.1  13.2   0.0   0.0   0.0   0.8  86.1   0.4 +-  0.0
 105 SwapBack8_8x1+CMCompressed                                       174976056   11438940  0.1  14.3   0.3   0.0   0.0   3.1  82.3   0.3 +-  0.0
 106 SwapBack4_11x1+CMCompressed                                      174976056   16801156  0.1  17.4   0.0   0.0   0.0   1.3  81.2   0.4 +-  0.0
 107 BitonicCompareStep<16,2>5x1_11x1+CMCompressed                    174976056   16961071  0.1  12.3   0.0   0.0   0.0   0.9  86.8   0.4 +-  0.0
 108 SwapBack4_8x1+CMCompressed                                       174976056   12635418  0.1  15.9   0.2   0.0   0.0   2.3  81.5   0.3 +-  0.0
 109 SwapBack2_11x1+CMCompressed                                      174976056   16695480  0.1  17.7   0.0   0.0   0.0   1.1  81.2   0.4 +-  0.0
 110 BitonicCompareStep<16,1>5x1_11x1+CMCompressed                    174976056   16224286  0.1  11.9   0.0   0.0   0.0   1.1  87.0   0.4 +-  0.0
 111 SwapBack2_8x1+CMCompressed                                       174976056   12876407  0.1  16.5   0.1   0.0   0.0   2.1  81.3   0.3 +-  0.0
 112 SwapBack1_11x1+CMCompressed                                      174976056   16881964  0.1  17.3   0.0   0.0   0.0   1.2  81.5   0.4 +-  0.0
 113 BitonicCompareStep<16,8>5x1_11x1+CMCompressed                    174976056   16782863  0.1  12.1   0.0   0.0   0.0   0.7  87.2   0.4 +-  0.0
 114 SwapBack1_8x1+CMCompressed                                       174976056   12976137  0.1  16.1   0.1   0.0   0.0   2.3  81.6   0.3 +-  0.0
 115 SwapBack8_11x1+CMCompressed                                      174976056    5202675  0.0   5.8   0.0   0.0   0.0   4.3  89.8   0.1 +-  0.0
 116 BitonicCompareStep<32,16>5x1_11x1+CMCompressed                   174976056   16075809  0.1  14.8   0.0   0.0   0.0   1.4  83.7   0.4 +-  0.0
 117 SwapBack8_8x1+CMCompressed                                       174976056    3411140  0.0   3.6   0.7   0.0   0.0  12.1  83.5   0.1 +-  0.0
 118 SwapBack16_11x1+CMCompressed                                     174976056    5498138  0.0   8.9   0.0   0.0   0.0   4.3  86.9   0.1 +-  0.0
 119 BitonicCompareStep<32,8>5x1_11x1+CMCompressed                    174976056   17507613  0.1  15.2   0.0   0.0   0.0   0.8  84.0   0.4 +-  0.0
 120 SwapBack16_8x1+CMCompressed                                      174976056    3895344  0.0   4.5   0.5   0.0   0.0   9.1  85.9   0.1 +-  0.0
 121 SwapBack8_11x1+CMCompressed                                      174976056    5773095  0.0   9.6   0.0   0.0   0.0   4.0  86.4   0.1 +-  0.0
 122 BitonicCompareStep<32,4>5x1_11x1+CMCompressed                    174976056   18584835  0.1  15.6   0.0   0.0   0.0   0.9  83.5   0.4 +-  0.0
 123 SwapBack8_8x1+CMCompressed                                       174976056    3794158  0.0   4.1   0.3   0.0   0.0  12.8  82.8   0.1 +-  0.0
 124 SwapBack4_11x1+CMCompressed                                      174976056    5530131  0.0   8.1   0.0   0.0   0.0   3.9  88.0   0.1 +-  0.0
 125 BitonicCompareStep<32,2>5x1_11x1+CMCompressed                    174976056   17592154  0.1  15.4   0.0   0.0   0.0   1.1  83.6   0.4 +-  0.0
 126 SwapBack4_8x1+CMCompressed                                       174976056    3757907  0.0   4.5   0.6   0.0   0.0   9.1  85.8   0.1 +-  0.0
 127 SwapBack2_11x1+CMCompressed                                      174976056    4724934  0.0   8.2   0.0   0.0   0.0   3.5  88.2   0.1 +-  0.0
 128 BitonicCompareStep<32,1>5x1_11x1+CMCompressed                    174976056   17153313  0.1  16.2   0.0   0.0   0.0   1.8  82.0   0.4 +-  0.0
 129 SwapBack2_8x1+CMCompressed                                       174976056    3859581  0.0   3.6   0.2   0.0   0.0   9.9  86.3   0.1 +-  0.0
 130 SwapBack1_8x1+CMCompressed                                       174976056    3291024  0.0   6.2   0.0   0.0   0.0   6.3  87.5   0.1 +-  0.0
 131 p2s_8                                                            174976056   22615317  0.1  13.7   0.0  13.6   0.0   6.5  66.1   0.5 +-  0.0
 132 elemMerge_8                                                      627673600  150066379  0.2  10.5   4.1   0.0   0.0   0.8  84.6   3.4 +-  0.0
 133 stdout8                                                          627673600   29381710  0.0   0.4   0.0   0.0   0.0   0.8  98.8   0.7 +-  0.0
 134 Pbde393f532d9996451c1aaa9ebe415ffb5b2abdf                        644249600 4410883920  6.8         1.0
                                                                                         TOTAL:   5.2   0.6   0.3   0.0   2.4  91.8 100.3
